0 0.596875 0.39296875 0.2 0.0671875
0 0.80546875 0.39765625 0.2421875 0.071875
0 0.940625 0.403125 0.1140625 0.0828125
0 0.61796875 0.4640625 0.2421875 0.09375
0 0.85 0.46640625 0.2609375 0.1078125
0 0.6390625 0.55546875 0.2640625 0.0984375
0 0.8703125 0.54765625 0.25625 0.1203125
0 0.6609375 0.6625 0.321875 0.15625
0 0.8890625 0.65546875 0.221875 0.1609375
0 0.696875 0.83203125 0.3890625 0.1984375
0 0.92109375 0.815625 0.1515625 0.2140625
1 0.38515625 0.39453125 0.215625 0.084375
1 0.375 0.4625 0.240625 0.1
1 0.36171875 0.55 0.2796875 0.125
1 0.33984375 0.665625 0.315625 0.1421875
1 0.31328125 0.8140625 0.3796875 0.2046875
1 0.18203125 0.39453125 0.1984375 0.0828125
1 0.140625 0.465625 0.2484375 0.0984375
1 0.1265625 0.546875 0.2484375 0.1203125
1 0.09921875 0.6578125 0.190625 0.16875
1 0.0875 0.815625 0.1734375 0.2109375