1 0.23515625 0.1265625 0.1390625 0.090625
1 0.32890625 0.17890625 0.1234375 0.1171875
1 0.18359375 0.17421875 0.1375 0.090625
1 0.1296875 0.24765625 0.1515625 0.103125
1 0.07265625 0.31953125 0.1265625 0.1265625
1 0.175 0.3796875 0.140625 0.1515625
1 0.26875 0.446875 0.1515625 0.159375
1 0.3765625 0.51171875 0.15625 0.175
1 0.51015625 0.6046875 0.1875 0.1921875
1 0.6484375 0.70546875 0.203125 0.221875
1 0.82734375 0.82734375 0.2234375 0.2546875
1 0.43046875 0.43046875 0.1703125 0.159375
1 0.47734375 0.3515625 0.159375 0.1375
1 0.6078125 0.41328125 0.15625 0.128125
1 0.559375 0.5078125 0.1875 0.1515625
1 0.8734375 0.24765625 0.2140625 0.1296875
1 0.84140625 0.334375 0.23125 0.1359375
1 0.79453125 0.409375 0.215625 0.1515625
1 0.76796875 0.509375 0.1953125 0.1765625
1 0.90703125 0.59453125 0.1828125 0.221875