1 0.32658555 0.9811346484374999 0.6752190703125 0.7128843515625001 0.43131340625 0.44095939375000004 0.197053728125 0.58794585625 0.32658555 0.9811346484374999
1 0.541553253125 0.45014604687500004 0.80337289375 0.681649728125 1 0.49975397812500005 0.709669021875 0.33439420625 0.541553253125 0.45014604687500004
1 0.179139753125 0.5695725484375 0.418911421875 0.41891142343750004 0.3072935765625 0.3049969140625 0.1350438140625 0.3913514609375 0.179139753125 0.5695725484375
1 0.5346632640625 0.23334101093749998 0.3899734625 0.3123462359375 0.519505284375 0.420748753125 0.515371290625 0.42809807656250004 0.6945110437500001 0.3141835671875 0.5346632640625 0.23334101093749998
1 0.30873474375 0.23832155625 0.3832102296875 0.3042210765625 0.521328403125 0.229294225 0.424510271875 0.1787411671875 0.30873474375 0.23832155625
1 0.1320247265625 0.3845643296875 0.3019642453125 0.292485546875 0.2457691046875 0.22839149218750002 0.10629682968750001 0.2942910140625 0.1320247265625 0.3845643296875
1 0.2583909484375 0.1957632859375 0.30442850312499997 0.23170852343749998 0.40989031562499995 0.17610381718749998 0.35253981875 0.14709896718749998 0.2583909484375 0.1957632859375
1 0.252169659375 0.1929982703125 0.34507426875 0.144886953125 0.300695728125 0.12276680625 0.2185746875 0.1603710546875 0.252169659375 0.1929982703125
1 0.0978383671875 0.29018726875 0.228622309375 0.2236305546875 0.194678384375 0.1810342578125 0.08186475625 0.23561076406249998 0.0978383671875 0.29018726875
1 0.08585815937499999 0.231617359375 0.1876899296875 0.17704085625 0.1647278640625 0.150418171875 0.074876303125 0.19301446718749998 0.08585815937499999 0.231617359375
1 0.0608993921875 0.16905405 0.0728796 0.19301446718749998 0.15374600624999998 0.1544115734375 0.1637295140625 0.1477559015625 0.147755903125 0.1211332171875 0.0608993921875 0.16905405
1 0.21564375 0.1544115734375 0.2895217015625 0.11847094843749999 0.264562934375 0.1024973390625 0.194678384375 0.139769096875 0.21564375 0.1544115734375