0 0.75859375 0.2015625 0.1609375 0.175
0 0.7171875 0.3765625 0.1734375 0.1859375
0 0.50390625 0.215625 0.140625 0.1703125
0 0.33671875 0.39140625 0.15 0.16875
0 0.42109375 0.5625 0.1515625 0.1984375
0 0.29140625 0.5578125 0.1796875 0.21875
1 0.26015625 0.2234375 0.146875 0.1734375
1 0.3765625 0.21875 0.15625 0.178125
1 0.621875 0.21171875 0.146875 0.1703125
1 0.88125 0.1953125 0.165625 0.1875
1 0.859375 0.37265625 0.146875 0.1859375
1 0.59296875 0.37734375 0.175 0.178125
1 0.21015625 0.39765625 0.1515625 0.184375
1 0.4625 0.37890625 0.1640625 0.175
1 0.16953125 0.5828125 0.1765625 0.1828125
1 0.54765625 0.56796875 0.175 0.19375
1 0.68984375 0.5671875 0.165625 0.2078125
1 0.82109375 0.5609375 0.1609375 0.2015625