1 0.71015625 0.45625 0.153125 0.0796875
1 0.70703125 0.5359375 0.1609375 0.0921875
1 0.70703125 0.6453125 0.178125 0.1046875
1 0.5671875 0.4640625 0.1453125 0.0734375
1 0.55703125 0.5390625 0.1703125 0.0984375
1 0.5390625 0.6375 0.184375 0.1046875
1 0.43828125 0.47109375 0.1515625 0.0703125
1 0.41328125 0.540625 0.153125 0.0984375
1 0.384375 0.6390625 0.1765625 0.1078125
1 0.24375 0.6390625 0.1734375 0.0953125
1 0.27734375 0.55 0.1609375 0.0734375
1 0.31953125 0.478125 0.1390625 0.06875
1 0.8546875 0.5859375 0.075 0.05625
1 0.8609375 0.634375 0.084375 0.0453125
1 0.865625 0.6828125 0.0890625 0.0484375