1 0.803125 0.871875 0.3890625 0.25625
1 0.6359375 0.75 0.346875 0.2484375
1 0.371875 0.8578125 0.4875 0.284375
1 0.2453125 0.72578125 0.2859375 0.2234375
1 0.1921875 0.6234375 0.234375 0.1578125
1 0.1609375 0.55234375 0.1921875 0.1078125
1 0.14296875 0.50078125 0.1515625 0.0828125
1 0.1171875 0.453125 0.14375 0.1
1 0.5078125 0.63359375 0.2328125 0.1640625
1 0.4078125 0.5609375 0.19375 0.1375
1 0.3625 0.50625 0.1671875 0.090625
1 0.3125 0.47109375 0.1328125 0.08125
1 0.68515625 0.575 0.259375 0.1359375
1 0.5828125 0.515625 0.1875 0.103125
1 0.5140625 0.4734375 0.15625 0.0765625
1 0.38515625 0.41484375 0.1515625 0.065625
1 0.92421875 0.59765625 0.1515625 0.1796875
1 0.828125 0.51796875 0.209375 0.0875
1 0.7015625 0.47890625 0.1765625 0.078125
1 0.628125 0.44609375 0.1453125 0.0609375
1 0.49375 0.3953125 0.140625 0.0546875
1 0.9203125 0.4828125 0.1515625 0.09375
1 0.8375 0.44453125 0.15 0.0734375
1 0.73984375 0.415625 0.1046875 0.0625