1 0.290625 0.2 0.171875 0.153125
1 0.31015625 0.32578125 0.171875 0.13125
1 0.321875 0.44921875 0.1765625 0.1296875
1 0.35078125 0.57578125 0.196875 0.1515625
1 0.36171875 0.73359375 0.2109375 0.1828125
1 0.42578125 0.25625 0.11875 0.1265625
1 0.45390625 0.3703125 0.134375 0.1375
1 0.48046875 0.4796875 0.1390625 0.1234375
1 0.50546875 0.5953125 0.1515625 0.1328125
1 0.53671875 0.7421875 0.1671875 0.1640625
1 0.534375 0.3265625 0.103125 0.08125
1 0.56484375 0.415625 0.103125 0.1078125
1 0.590625 0.5078125 0.109375 0.115625
1 0.625 0.6171875 0.109375 0.1234375
1 0.6515625 0.72890625 0.1296875 0.1515625
1 0.61640625 0.35234375 0.0921875 0.0796875
1 0.646875 0.434375 0.0984375 0.109375
1 0.6734375 0.5234375 0.0953125 0.1109375
1 0.71015625 0.6171875 0.0828125 0.10625
1 0.7421875 0.7328125 0.0984375 0.1109375
1 0.8046875 0.5390625 0.0515625 0.0546875
1 0.82265625 0.6046875 0.0578125 0.0703125
1 0.84921875 0.6515625 0.0484375 0.0515625
1 0.875 0.70859375 0.0484375 0.0625
1 0.8875 0.7703125 0.053125 0.05625
1 0.83984375 0.5453125 0.0421875 0.0546875
1 0.865625 0.60234375 0.046875 0.05
1 0.88515625 0.6484375 0.0453125 0.0546875
1 0.9046875 0.7015625 0.05 0.059375
1 0.93046875 0.7640625 0.0421875 0.0671875
1 0.8953125 0.5578125 0.0453125 0.0484375
1 0.91328125 0.59921875 0.05 0.0546875
1 0.934375 0.64765625 0.046875 0.0578125
1 0.95859375 0.7 0.04375 0.0484375
1 0.971875 0.7359375 0.046875 0.0609375