0 0.25625 0.284375 0.2546875 0.04375
0 0.28828125 0.3265625 0.2921875 0.0765625
0 0.59765625 0.575 0.4953125 0.190625
0 0.4703125 0.4703125 0.459375 0.1828125
0 0.725 0.7109375 0.5421875 0.353125
1 0.46171875 0.265625 0.2125 0.05
1 0.5265625 0.29140625 0.215625 0.0625
1 0.58828125 0.315625 0.2390625 0.0609375
1 0.6640625 0.35 0.29375 0.0828125
1 0.78828125 0.39453125 0.2859375 0.1109375
1 0.8671875 0.4578125 0.2609375 0.146875
1 0.071875 0.309375 0.1421875 0.0390625
1 0.08359375 0.34765625 0.1671875 0.0625
1 0.12890625 0.44921875 0.253125 0.096875
1 0.15859375 0.5421875 0.3109375 0.1484375
1 0.2328125 0.68203125 0.4578125 0.246875