1 0.2421875 0.546875 0.1234375 0.1453125
1 0.36015625 0.553125 0.1203125 0.1453125
1 0.4734375 0.55 0.1359375 0.1453125
1 0.60234375 0.55625 0.1296875 0.1515625
1 0.36953125 0.33046875 0.1171875 0.09375
1 0.4734375 0.33671875 0.1078125 0.1078125
1 0.36171875 0.43359375 0.1140625 0.0765625
1 0.4796875 0.43359375 0.1078125 0.0703125
1 0.58046875 0.33671875 0.0984375 0.1015625
1 0.58515625 0.43671875 0.0984375 0.0765625
1 0.68359375 0.33671875 0.0953125 0.1015625
1 0.7 0.44375 0.1171875 0.1078125
1 0.765625 0.33359375 0.1203125 0.09375
1 0.8046875 0.44375 0.1234375 0.1078125
1 0.87734375 0.33671875 0.1171875 0.1015625
1 0.92265625 0.446875 0.1078125 0.1140625