1 0.51015625 0.69375 0.165625 0.196875
1 0.565625 0.64765625 0.153125 0.16875
1 0.61484375 0.60703125 0.153125 0.159375
1 0.696875 0.53828125 0.13125 0.13125
1 0.290625 0.640625 0.09375 0.1546875
1 0.353125 0.61328125 0.1046875 0.13125
1 0.3921875 0.5703125 0.140625 0.1484375
1 0.453125 0.5328125 0.13125 0.128125
1 0.50625 0.496875 0.1171875 0.1046875
1 0.5453125 0.4703125 0.1140625 0.0921875
1 0.578125 0.44140625 0.1140625 0.0890625
1 0.8296875 0.5421875 0.075 0.0921875
1 0.915625 0.60390625 0.084375 0.0953125
1 0.240625 0.52109375 0.0953125 0.10625
1 0.334375 0.478125 0.0859375 0.0953125